20
387
194
401
205
234
71
478
456
148
158
324
114
422
120
428
307
82
226
325
144
248
364
16
331
210
479
112
367
152
133
453
73
81
356
104
306
311
491
434
101
269
122
77
243
286
251
294
445
424
260
395
417
264
262
450
229
85
493
139
215
250
397
126
173
430
470
184
421
408
329
212
157
267
448
177
129
241
418
326
332
495
63
321
420
216
109
271
132
481
386
496
44
416
353
25
297
310
293
155
130
471
56
431
233
380
238
115
28
186
35
272
435
268
488
315
93
13
12
98
121
345
399
189
217
202
466
429
318
4
88
6
441
2
467
289
339
52
393
446
22
405
178
357
164
220
468
349
390
209
381
365
96
8
406
447
300
192
193
183
330
483
472
409
440
314
113
336
255
480
187
348
53
442
301
317
167
14
125
36
358
90
278
124
68
213
42
200
54
46
89
492
127
195
239
171
252
17
351
274
277
181
244
469
97
55
50
75
117
64
84
111
76
37
86
342
370
214
107
92
246
197
410
412
498
123
388
366
172
176
259
175
83
137
263
382
235
485
49
305
1
377
288
400
159
26
258
119
296
108
425
33
407
501
19
347
316
61
27
29
67
24
207
219
87
11
65
72
287
309
131
204
45
135
427
354
147
340
458
281
275
391
355
7
237
9
32
374
284
402
320
372
153
91
30
295
385
165
142
500
10
426
196
462
376
151
128
168
477
69
211
222
484
437
140
449
102
163
361
240
302
103
228
221
224
105
439
242
256
143
249
191
59
218
199
335
265
396
282
373
18
225
15
149
156
223
383
280
352
362
371
160
201
118
78
21
170
476
254
74
451
51
313
322
182
80
227
494
273
94
323
270
179
392
279
180
473
162
404
141
70
413
247
66
369
266
253
333
95
41
474
312
150
116
344
460
38
394
346
110
283
334
166
454
62
40
497
363
308
48
415
34
58
292
5
343
328
486
261
198
236
203
291
23
341
398
327
419
319
145
350
136
285
337
245
432
208
60
146
436
190
452
57
206
161
438
257
499
423
303
154
411
414
290
99
482
375
433
231
3
106
475
384
304
338
443
79
457
490
360
138
188
169
174
444
403
489
298
230
39
487
276
0
100
31
